# L0 static pinned experts (global greedy) under 8.0 GiB
# format: <layer>: <expert_id>,...  (per-layer top-K, freq 降序)
0: 133,242,111,203,202,27,212,97,187,96,218,6,55,121,63,178,134,144,148,66,151,123,12,46,110,113,142,205,215,115,117,1,52,65,120,86,41,116,136,180,214,250,47,106,7,105,196,216,229,249,2,35,29,36,222,159,233,33,81,210,177,45,56,57,170,194,217,32,254,84,149,157,186,244,16,22,172,191,213,243,10,227,240,5,19,49,51,70,150,40,50,80,128,129,131,247,69,139,153,174,204,234,239,3,15,93,95,102,127,132,146,158,182,198,223,230,235,238,43,67,76,92,107,126,185,208,74,85,87,122,141,163,176,188,211,220,248,0,18,44,54,58,60,103,109,112,137,140,169,225,226,232,237,13,14,17,21,24,31,53,68,71,75,79,82,83,88,94,98,104,119,124,135,145,152,156,165,168,171,173,175,184,199,209,224,231
1: 117,84,211,42,122,48,118,225,112,73,11,115,17,34,189,26,101,132,240,59,239,31,43,232,206,228,155,187,1,79,186,19,244,10,96,141,231,245,253,27,214,40,145,194,12,15,111,158,241,57,138,6,98,157,183,190,200,93,167,126,128,150,154,179,196,198,207,44,86,121,153,197,209,221,247,49,53,137,180,199,234,242,5,16,28,37,61,62,66,67,85,87,89,100,125,134,165,166,173,182,223,254,255,7,29,70,80,82,105,119,163,169,208,39,45,91,104,124,131,143,149,160,168,191,205,210,222,227,243,246,251,0,13,22,50,52,54,63,88,90,116,136,162,171,178,203,215,217,220,226,233,235,250,2,3,8,9,14,23,32,35,41,56,60,76,77,81,83,95,120,135,164,177,184,185,195,202,216,237,252,21,33,58,64,65,75,78,92,94,97,102,106,108,109,110,114,123,127,130,133,146,156,161,170,224,230,236,248
2: 230,86,212,182,235,162,93,178,4,92,133,58,228,198,139,117,201,17,126,199,234,15,87,100,103,121,3,76,70,19,64,77,110,147,219,26,146,227,60,120,0,101,129,143,187,42,157,168,183,239,13,35,40,71,83,107,127,163,164,217,238,23,94,145,155,181,255,32,48,173,229,237,240,247,252,63,65,74,109,192,244,24,30,47,55,57,84,85,90,95,211,226,5,114,125,185,207,150,191,195,31,51,78,80,112,131,165,197,202,231,254,45,68,108,200,205,206,210,221,236,9,22,44,52,73,89,123,172,189,194,209,233,249,6,12,20,28,33,49,56,59,75,115,132,135,140,169,174,176,186,215,216,242,243,2,10,16,29,67,72,82,88,128,134,136,141,167,180,193,196,222,232,245,61,102,104,105,138,158,159,166,190,208,214,225,248,250,251,7,11,14,36,38,46,50,66,69,96,97,98,113,116,118,124,152,160,161,177,203,213,218,223,246,1,21,25,34,37,43,54,62,91,122,137,142,144,149,151,154,170,171,175,179,188,241
3: 234,172,24,199,125,44,248,19,84,176,152,247,135,31,10,213,142,122,16,184,202,66,133,187,62,76,108,156,241,249,15,146,182,42,179,245,70,90,109,113,235,57,132,47,203,32,55,99,177,189,214,255,107,174,185,191,206,218,7,13,40,141,147,161,171,180,0,30,50,52,53,105,148,170,212,215,231,254,3,14,96,155,163,169,228,238,46,51,79,116,117,131,153,186,222,232,239,2,5,12,21,27,85,88,92,102,126,137,138,139,143,154,162,164,193,220,223,243,252,28,33,41,56,64,65,98,100,114,134,150,194,198,216,219,233,1,4,9,45,60,71,77,80,158,160,181,188,190,192,209,217,224,236,237,242,17,48,67,68,73,75,86,89,103,118,144,145,178,205,226,227,246,11,20,22,25,35,36,37,49,59,61,63,72,87,93,94,104,106,110,111,120,121,123,124,166,167,175,183,195,197,200,211,225,240,244,250
4: 80,30,34,194,82,112,231,60,166,251,154,167,118,13,161,178,125,198,253,65,169,3,138,142,236,44,63,74,170,137,180,32,54,226,35,55,88,102,210,155,157,220,149,2,17,50,71,135,164,4,12,98,173,182,199,218,222,254,1,111,179,9,25,126,190,242,0,14,105,148,151,187,193,213,85,94,119,122,145,146,203,239,246,39,57,76,96,103,128,132,140,156,171,206,235,248,20,23,26,127,131,133,139,144,159,19,22,33,40,56,61,84,95,100,174,185,186,188,196,202,215,223,228,244,250,8,43,45,47,49,67,68,69,91,130,134,176,191,204,216,221,227,238,243,27,29,79,81,87,101,113,158,163,172,184,189,232,233,234,240,247,249,10,21,31,37,58,64,73,83,97,106,108,116,120,150,168,175,181,195,197,201,211,219,224,225,229,245,252
5: 5,75,66,139,97,6,217,24,204,148,168,232,104,225,237,48,149,178,14,3,35,63,81,144,250,52,142,169,193,205,100,42,2,213,228,253,1,36,201,254,67,186,236,248,147,187,12,19,31,112,33,191,41,133,239,249,10,77,121,143,90,223,246,27,47,93,99,172,173,235,9,15,64,113,132,161,181,182,69,131,214,224,44,65,127,134,159,174,192,194,195,197,207,238,240,4,18,60,80,82,84,85,91,115,158,180,245,54,68,89,102,145,154,156,165,190,219,244,11,20,21,30,46,78,110,111,114,116,117,164,170,184,185,200,206,215,242,243,251,255,0,16,17,25,26,28,32,34,38,56,57,61,62,83,92,94,103,106,109,118,135,136,150,151,160,166,171,179,189,199,208,210,212,222,227,229,252
6: 134,15,9,250,115,251,172,178,174,108,189,93,196,200,219,84,245,167,71,194,123,112,131,153,27,18,107,42,128,175,242,12,183,170,223,241,59,73,186,25,100,147,19,43,68,204,213,235,126,11,16,63,140,164,91,119,154,58,138,62,136,201,1,60,88,98,193,195,202,217,39,48,54,104,149,162,191,231,2,23,37,50,90,106,114,133,152,166,236,243,254,29,41,44,49,57,61,65,96,97,110,145,197,199,203,206,232,240,3,17,32,70,76,116,130,141,151,161,173,182,190,0,7,20,21,24,26,33,35,36,38,40,46,47,56,64,69,82,85,94,95,111,118,122,146,148,163,176,184,198,205,207,208,216,221,225,227,230,248,252
7: 210,146,83,1,46,41,130,21,153,220,58,38,29,95,32,133,68,99,147,23,56,119,91,4,122,52,84,245,128,129,149,145,228,169,217,18,167,218,239,253,181,13,16,180,44,170,40,94,151,227,3,34,36,66,139,150,166,204,240,2,73,203,242,243,6,10,61,72,85,116,173,235,161,188,241,35,60,117,131,190,219,20,79,109,120,138,142,202,211,213,233,248,19,51,67,98,101,140,155,157,214,223,247,7,22,25,26,37,39,49,62,63,69,74,75,86,88,90,111,112,114,136,137,143,159,165,176,183,184,186,191,194,198,200,207,221,232,236
8: 13,248,43,28,84,164,154,134,215,201,184,69,4,207,124,24,77,203,109,33,234,12,68,180,157,202,88,165,170,72,242,6,49,70,186,236,249,158,159,176,232,38,7,47,89,64,46,208,51,120,227,19,63,79,123,9,152,0,35,172,183,217,239,41,52,57,65,204,3,10,45,102,104,107,112,118,191,216,222,237,8,39,50,122,129,148,149,240,250,1,11,17,55,58,78,91,92,100,113,117,125,127,138,144,163,169,175,181,194,211,213,218,219,223,229,241,243
9: 162,105,4,190,86,196,43,89,9,57,237,145,95,29,94,93,11,39,220,13,236,231,41,104,164,244,252,141,192,5,37,148,240,19,44,96,7,117,242,99,55,80,139,197,14,23,144,213,217,239,52,102,132,227,232,234,88,178,0,2,60,115,177,6,30,91,121,157,175,189,191,206,215,31,45,92,107,129,138,147,158,169,179,184,219,10,12,24,26,28,63,70,71,84,127,143,156,194,201,211,214,226,25,32,47,51,56,64,72,76,90,97,98,110,112,120,122,125,130,134,140,142,149,150,193,195,200,210,221,222,235,238,243,245,246,249,251,253
10: 101,55,254,107,35,7,143,85,140,73,155,92,94,15,18,130,16,216,158,181,12,117,106,51,31,161,97,252,103,128,169,42,228,24,109,154,220,30,198,39,146,185,223,5,17,213,248,81,142,0,96,124,46,211,253,119,163,239,247,20,159,192,197,62,68,133,200,240,241,1,40,77,90,171,218,23,33,84,91,104,125,166,204,246,53,79,118,127,168,207,242,250,22,43,49,60,65,69,78,108,114,120,175,176,203,208,212,225,235,243,255,9,10,11,19,25,63,80,82,100,121,138,141,144,148,179,189,194,201,206,224,227,237,14,37,44,45,47,52,61,67,70,72,86,123,136,145,157,165,167,170,183,188,199,210,214,215,217,222,233,249
11: 101,94,212,95,21,234,154,240,185,113,2,208,235,103,37,93,107,70,164,165,20,209,255,189,195,216,250,84,153,254,109,151,203,210,116,145,66,68,79,128,184,27,130,232,59,161,6,42,49,142,215,220,247,147,236,13,69,157,158,197,243,17,92,135,136,206,26,51,146,156,187,248,18,36,188,190,225,12,86,108,160,173,176,24,46,118,126,152,207,222,34,72,85,90,114,131,186,200,213,237,3,8,11,22,28,54,55,58,61,62,64,74,77,82,96,98,115,132,133,138,174,218,224,249,253,29,31,40,41,50,53,56,65,71,76,100,104,106,122,124,140,143,149,159,163,166,168,169,179,180,192,194,219,221,230,231,246
12: 234,173,172,107,181,57,132,84,197,233,205,133,118,7,128,26,63,215,154,121,74,18,1,195,115,180,184,166,12,32,46,191,208,22,61,65,82,127,214,217,19,72,136,139,188,246,50,206,73,179,253,35,43,47,83,94,138,155,187,222,147,230,231,20,85,93,95,160,210,221,255,29,41,53,55,67,117,190,218,2,4,36,59,79,80,91,124,157,159,171,175,3,9,39,44,68,71,89,113,119,126,131,134,135,153,168,254,6,10,11,15,24,33,34,37,52,70,77,78,88,98,101,106,110,112,120,125,130,144,146,148,149,158,165,167,177,178,194,216,227,232,239
13: 59,48,30,41,136,207,198,224,235,18,86,140,245,43,156,88,97,122,163,22,168,249,42,32,137,147,19,39,82,51,254,74,134,153,72,34,68,161,193,164,228,241,13,187,17,33,76,195,6,25,116,138,253,26,38,132,142,173,175,61,100,199,244,2,55,154,191,226,4,71,119,124,174,200,208,237,47,52,57,70,114,115,129,186,189,205,230,255,15,62,81,112,118,123,155,181,182,229,1,5,12,14,21,29,35,64,73,75,108,125,128,130,131,135,139,146,148,149,162,167,169,177,179,180,196,202,204,206,218,221,222,231,238,240,246,247
14: 251,89,42,199,129,178,174,61,79,141,16,152,75,192,51,156,124,98,234,1,186,88,206,40,137,213,220,69,83,22,157,169,95,205,241,239,215,235,14,148,20,154,160,203,91,142,229,50,147,249,32,38,86,97,144,171,191,200,219,39,172,29,47,65,104,122,126,166,188,209,211,224,237,238,254,4,26,36,57,59,66,76,101,113,119,123,130,136,149,150,159,190,196,197,216,232,244,246,255,13,31,54,70,71,81,107,112,133,151,170,177,180,181,217,223,225,227,233,236,248,250
15: 84,22,118,239,234,9,209,32,38,113,142,203,148,207,7,125,61,232,219,5,116,81,214,26,65,101,200,102,181,186,58,76,88,222,82,99,103,123,124,18,34,96,178,192,255,17,136,230,4,10,13,19,66,87,226,241,248,40,95,126,240,44,85,112,128,231,20,39,49,72,163,187,212,220,233,236,2,27,28,69,75,83,144,146,171,191,218,221,247,33,35,36,43,86,120,130,150,154,156,162,177,188,189,197,253,254,0,6,16,37,42,48,52,53,56,60,63,92,97,100,104,105,110,117,122,131,139,157,164,165,166,173,179,180,193,194,198,202,216,225,252
16: 90,206,19,249,123,207,21,167,161,241,211,233,5,30,193,196,130,8,222,100,6,82,140,200,186,9,133,204,43,180,154,2,188,158,78,102,138,55,45,99,152,192,20,51,74,33,53,54,64,147,179,252,83,136,137,156,168,226,18,116,212,232,237,253,22,40,96,118,119,191,218,228,4,13,23,79,115,126,176,181,229,10,41,47,57,59,97,113,149,210,220,230,231,15,16,27,37,75,77,88,89,92,98,107,128,135,141,144,148,150,162,166,174,178,190,197,198,201,202,203,217,224,234,245,247
17: 205,103,90,3,50,31,56,231,143,23,130,61,147,11,24,80,214,245,191,172,189,250,87,206,71,76,78,180,112,174,67,92,104,185,212,240,64,193,21,35,62,114,165,7,10,128,213,232,197,51,0,32,108,216,26,229,255,19,45,55,110,155,157,188,203,218,243,34,36,49,86,88,101,9,17,39,48,58,94,164,175,198,41,57,77,91,119,122,126,159,167,171,173,184,207,211,225,236,251,12,25,65,70,74,79,96,102,105,106,123,125,127,131,150,158,161,181,192,194,202,215,234,235,244,246,247
18: 221,189,21,211,70,222,231,249,28,190,36,46,56,50,252,246,57,165,187,4,238,153,179,243,71,12,13,149,237,151,159,134,116,215,164,163,0,11,114,214,181,44,60,219,72,99,216,128,162,188,1,9,66,88,113,142,209,248,30,90,156,158,196,228,235,250,103,112,148,169,234,239,251,32,35,58,69,73,105,122,127,129,157,185,206,226,5,6,8,20,24,29,38,45,47,59,62,63,75,77,93,94,100,102,104,107,135,137,141,146,150,154,155,172,173,174,176,195,197,201,220,223,232,254
19: 155,181,251,86,68,185,21,106,179,175,107,58,119,216,102,227,6,243,130,111,189,40,45,144,244,109,20,206,225,153,10,46,85,91,205,36,60,80,71,151,234,14,104,129,159,8,90,120,154,168,199,211,19,79,116,228,249,28,47,113,223,230,35,38,41,100,118,162,178,191,12,18,48,57,65,150,210,215,220,247,13,31,51,78,87,97,114,146,160,196,197,209,221,233,238,239,255,3,7,23,26,32,34,39,42,43,44,49,55,76,89,112,123,126,132,134,139,142,147,149,158,163,164,170,187,204,207,218,235,250,253
20: 13,43,215,134,248,154,201,184,69,28,124,70,236,4,158,68,33,84,208,202,242,234,157,57,91,49,0,7,207,38,109,159,180,12,88,164,65,6,19,47,203,83,9,46,120,176,217,45,250,200,227,239,72,165,35,64,112,113,121,149,170,186,191,39,55,77,79,183,10,17,24,89,105,115,118,127,129,172,194,221,223,232,249,8,11,14,18,23,27,52,63,78,92,100,137,138,139,163,175,204,205,212,216,225,229,237,243,246
21: 89,162,105,4,190,237,43,196,145,244,95,37,228,94,41,44,29,231,57,220,11,39,236,91,9,86,92,164,148,192,93,13,240,157,19,234,242,139,80,197,0,7,141,227,102,239,96,213,215,219,60,132,2,52,55,129,178,191,216,248,252,1,78,104,169,6,12,23,24,88,117,184,211,250,14,26,32,90,107,122,206,210,221,5,16,22,30,31,53,56,64,66,71,72,82,110,113,115,120,126,134,136,138,144,150,155,156,158,175,177,193,194,209,214,222,232,235,243,245,246
22: 35,107,254,143,85,73,7,140,55,158,216,51,155,15,97,92,94,130,181,18,128,146,0,17,117,83,185,12,252,169,198,16,246,103,212,81,91,31,24,160,223,242,220,42,79,30,154,211,5,62,228,33,239,129,241,253,39,60,90,106,144,159,248,161,163,200,20,53,68,109,125,166,192,65,84,142,203,204,96,213,236,9,43,104,118,210,218,231,11,47,50,61,124,127,137,208,10,19,23,45,46,66,69,70,78,82,99,114,133,148,157,170,175,197,199,201,214,1,22,25,29,37,38,40,49,64,67,80,86,88,93,100,102,108,113,120,123,134,135,141,145,147,149,165,168,176,187,194,195,215,217,219,221,222,224,225,227,233,237,238,243,245
23: 94,212,95,21,234,208,154,101,185,240,113,59,165,235,216,20,147,164,255,137,151,93,209,84,153,189,210,156,197,2,15,37,79,92,109,62,80,116,46,51,103,70,107,128,195,68,190,254,66,131,201,250,12,122,215,27,49,85,123,231,158,161,203,206,238,243,42,136,146,64,69,96,157,172,173,218,220,247,249,36,86,130,174,188,200,222,18,108,112,126,171,207,248,6,17,24,57,72,106,135,145,163,176,196,219,236,22,118,152,183,213,3,31,55,58,71,115,149,162,166,184,186,204,225,232,9,11,13,19,29,38,40,41,56,65,73,78,81,82,87,90,100,114,124,129,132,142,148,169,180,187,202,211,221,237,244,252
24: 234,173,172,181,57,233,107,205,132,128,84,133,118,7,197,26,63,65,215,74,19,1,160,98,121,11,12,46,115,166,119,214,157,195,253,50,120,188,47,217,43,106,184,191,222,230,72,18,91,94,221,175,44,136,208,246,41,83,15,20,82,93,117,139,147,179,190,22,29,61,70,113,141,153,155,227,2,4,9,32,124,138,183,187,218,235,3,5,6,36,45,53,58,59,62,67,68,71,73,78,89,95,125,126,158,206,231,0,10,23,24,33,35,37,55,69,76,79,85,86,109,127,131,140,151,161,167,168,171,180,193,194,199,210,216,239,242,247
25: 30,59,41,48,136,224,47,207,156,74,18,235,163,97,43,245,249,122,140,147,198,25,86,22,134,42,169,193,161,71,51,88,32,76,82,101,137,164,26,72,195,253,0,254,55,200,33,192,244,118,174,182,6,17,39,116,138,142,61,91,107,201,241,13,34,100,111,123,124,153,168,181,52,70,73,115,129,154,155,187,199,208,212,237,23,36,57,58,81,119,130,132,149,175,186,206,218,220,226,1,2,3,9,16,50,62,68,75,78,84,87,104,110,112,121,167,171,197,203,204,205,209,221,222,228,229,231,234,236,240,243,246,250,251,255
26: 89,199,251,42,178,141,61,174,220,79,129,156,32,75,124,16,234,152,157,192,206,51,203,83,186,98,148,20,22,47,14,171,1,241,91,40,160,215,69,137,196,205,235,239,144,224,88,147,213,249,169,172,177,154,229,246,37,39,59,65,95,119,122,191,200,227,237,238,254,0,15,38,66,76,81,97,112,126,165,166,173,190,207,255,12,17,50,71,85,113,133,142,146,167,181,211,216,225,244,4,6,13,30,54,57,60,68,72,84,93,99,110,111,130,136,149,150,151,159,183,188,197,204,209,217,218,219,248
27: 148,84,118,22,234,239,9,209,38,113,7,207,232,32,5,125,65,186,219,26,81,123,200,218,19,203,61,214,10,27,40,43,87,71,136,142,236,35,58,116,18,88,191,17,241,248,34,76,102,230,13,44,49,82,86,181,255,141,188,231,240,95,103,126,144,156,157,192,233,247,2,48,99,101,112,165,173,221,222,226,66,79,110,124,128,163,164,166,178,187,197,212,235,245,6,25,45,52,56,57,63,83,85,93,104,108,117,120,130,131,137,140,150,152,161,168,171,193,198,220,225,228,237,252
28: 206,249,19,90,8,207,123,167,241,21,211,161,9,222,5,193,99,226,69,30,196,133,200,140,158,23,233,55,83,138,144,154,10,20,168,53,116,156,6,74,78,96,179,186,201,43,54,181,212,119,136,147,199,4,51,100,105,130,191,218,113,204,230,232,2,27,33,93,182,239,39,45,82,128,137,149,155,192,228,237,252,12,14,18,24,37,40,56,66,70,87,88,97,118,174,185,224,236,253,0,13,25,41,63,64,89,92,106,107,112,114,129,135,148,162,166,177,178,187,188,194,205,209,210,220,225,227,246,247,250
29: 3,205,90,31,143,231,50,56,193,23,172,214,7,174,245,61,130,78,166,212,24,80,17,128,76,87,250,240,112,77,185,92,147,191,10,169,32,88,62,213,180,232,91,104,189,216,55,126,150,0,173,21,45,114,198,64,79,181,9,26,71,119,19,49,103,110,159,188,251,59,155,157,165,235,246,125,152,161,203,239,249,25,41,48,51,58,106,137,162,164,217,241,11,22,35,42,44,57,63,65,69,70,73,74,86,94,96,101,108,111,115,127,168,170,171,175,177,190,192,194,207,208,211,220,225,248
30: 70,211,189,21,231,36,243,222,246,249,153,46,187,28,149,252,4,50,9,12,237,179,93,154,190,99,235,44,72,215,11,71,103,165,18,163,205,209,221,157,164,69,134,151,159,238,81,148,156,232,127,214,25,122,128,216,234,35,198,73,113,116,158,228,250,31,38,61,104,105,107,174,183,186,6,30,108,112,121,130,137,145,150,181,188,196,226,1,3,13,20,29,32,57,62,66,75,88,94,111,114,123,141,146,155,160,172,180,182,185,195,199,206,207,208,219,224,230,239,248,251
31: 251,155,181,185,86,179,106,58,21,68,119,175,216,107,6,130,244,102,40,91,205,109,234,154,225,144,10,162,189,24,46,111,120,170,230,14,100,196,220,249,18,38,55,118,19,116,223,227,237,239,45,51,80,197,4,60,70,89,99,148,191,247,7,8,12,15,20,35,37,47,87,90,123,129,132,153,160,168,215,221,23,28,30,48,50,75,79,83,97,101,104,112,114,126,134,138,146,150,151,159,163,169,176,178,184,187,190,204,206,210,211,219,255
32: 36,91,100,131,32,189,190,141,69,176,1,234,66,253,20,145,99,200,93,117,113,125,207,126,249,212,134,157,238,98,171,96,241,58,169,173,229,111,128,42,40,53,139,148,217,90,181,198,209,218,246,51,55,75,102,205,37,119,45,71,109,116,120,144,175,199,224,62,70,80,89,104,106,213,3,8,11,18,57,61,63,97,137,143,163,174,191,202,235,12,21,28,52,54,84,85,87,94,101,114,123,124,127,150,158,162,193,210,230,245,254,255
33: 38,14,163,100,80,248,45,222,20,26,148,216,150,233,8,145,226,46,65,120,131,188,125,149,225,54,230,24,12,183,249,18,34,96,126,185,29,58,41,71,117,129,170,177,5,63,138,199,116,161,162,198,209,9,79,84,93,151,160,206,237,244,68,73,105,127,10,59,64,140,171,182,90,234,239,0,17,32,36,44,67,97,98,102,103,108,133,144,146,147,153,154,159,168,173,176,179,187,201,204,208,210,212,214,217,223,227,252,253
34: 193,147,60,171,139,78,237,156,178,119,242,111,39,145,124,117,89,221,88,135,35,190,202,235,96,84,79,146,148,166,239,47,163,236,20,105,51,110,6,115,28,76,152,53,61,71,200,254,4,9,82,222,43,109,114,149,49,66,86,164,177,243,0,26,27,32,85,162,173,176,185,201,206,218,223,225,5,17,30,46,52,63,98,99,103,120,131,140,157,183,184,192,194,203,216,234,250
35: 70,211,26,216,150,45,131,177,237,205,162,166,175,222,172,109,25,134,178,118,21,82,144,19,80,100,168,193,204,63,255,30,42,72,20,66,145,225,34,48,53,158,198,13,117,123,128,170,227,242,7,9,33,102,121,127,141,180,190,201,236,248,0,1,28,29,38,46,60,68,77,85,90,93,96,101,107,112,114,125,130,143,152,154,155,164,179,191,196,199,203,206,209,219,238,243,247,253
36: 146,238,236,95,91,180,174,71,179,247,197,6,249,175,108,132,162,209,182,137,19,54,141,183,11,33,81,133,215,102,75,93,154,226,80,148,221,223,124,252,31,55,144,206,208,229,20,29,47,60,85,145,151,167,172,231,3,5,18,35,45,46,57,62,66,73,84,104,109,112,134,136,140,159,165,168,170,191,192,200,211,212,222,230,232,237,243,250,253
37: 167,216,223,205,222,191,142,236,10,8,172,40,254,79,218,231,49,183,187,217,175,138,120,68,106,129,169,41,80,30,188,219,62,155,16,109,125,168,197,123,233,253,1,150,61,72,74,117,184,33,65,166,194,237,24,56,77,111,136,165,174,196,226,240,243,34,47,54,67,69,81,84,96,107,114,119,126,132,137,143,148,154,157,192,206,207,220,234,247,250
38: 194,246,130,19,1,152,153,116,53,26,181,209,224,211,81,2,90,142,164,172,186,207,129,169,179,208,143,214,77,161,140,155,8,170,180,60,176,184,70,107,27,138,220,47,54,193,237,28,117,134,159,166,190,198,11,14,18,24,37,49,51,56,72,73,91,95,100,102,103,108,109,112,115,125,131,147,150,154,168,177,188,191,197,221,231,236,247,253
39: 143,232,205,102,3,41,104,94,172,82,214,207,152,33,212,59,121,153,4,151,26,179,98,156,51,73,137,154,28,76,81,100,101,127,175,22,115,140,158,169,202,226,235,35,91,108,109,111,117,134,144,168,190,210,227,240,255,8,24,29,39,42,43,46,47,53,54,56,64,67,84,90,119,120,122,124,132,135,138,141,142,155,185,186,198,204,206,208,223,241,253
