# L0 static pinned experts (global greedy) under 4.51 GiB
# format: <layer>: <expert_id>,...  (per-layer top-K, freq 降序)
0: 0,1,2,3,4,5,6,8
1: 1,2,3,4,5,6,7,9
2: 2,3,4,5,6,7,8,10
3: 3,4,5,6,7,8,9,11
4: 4,5,6,7,8,9,10,12
5: 5,6,7,8,9,10,11,13
6: 6,7,8,9,10,11,12,14
7: 7,8,9,10,11,12,13,15
8: 8,9,10,11,12,13,14,16
9: 9,10,11,12,13,14,15,17
10: 10,11,12,13,14,15,16,18
11: 11,12,13,14,15,16,17,19
12: 12,13,14,15,16,17,18,20
13: 13,14,15,16,17,18,19,21
14: 14,15,16,17,18,19,20,22
15: 15,16,17,18,19,20,21,23
16: 16,17,18,19,20,21,22,24
17: 17,18,19,20,21,22,23,25
18: 18,19,20,21,22,23,24,26
19: 19,20,21,22,23,24,25,27
20: 20,21,22,23,24,25,26,28
21: 21,22,23,24,25,26,27,29
22: 22,23,24,25,26,27,28,30
23: 23,24,25,26,27,28,29,31
24: 24,25,26,27,28,29,30,32
25: 25,26,27,28,29,30,31,33
26: 26,27,28,29,30,31,32
27: 27,28,29,30,31,32,33
28: 28,29,30,31,32,33,34
29: 29,30,31,32,33,34,35
30: 30,31,32,33,34,35,36
31: 31,32,33,34,35,36,37
32: 32,33,34,35,36,37,38
33: 33,34,35,36,37,38,39
34: 34,35,36,37,38,39,40
35: 35,36,37,38,39,40,41
36: 36,37,38,39,40,41,42
37: 37,38,39,40,41,42,43
38: 38,39,40,41,42,43,44
39: 39,40,41,42,43,44,45
40: 40,41,42,43,44,45,46
41: 41,42,43,44,45,46,47
42: 42,43,44,45,46,47,48
43: 43,44,45,46,47,48,49
44: 44,45,46,47,48,49,50
45: 45,46,47,48,49,50,51
46: 46,47,48,49,50,51,52
47: 47,48,49,50,51,52,53
48: 48,49,50,51,52,53,54
49: 49,50,51,52,53,54,55
50: 50,51,52,53,54,55,56
51: 51,52,53,54,55,56,57
52: 52,53,54,55,56,57,58
53: 53,54,55,56,57,58,59
54: 54,55,56,57,58,59,60
55: 55,56,57,58,59,60,61
56: 56,57,58,59,60,61,62
57: 57,58,59,60,61,62,63
58: 58,59,60,61,62,63,64
59: 59,60,61,62,63,64,65
