# L0 static pinned experts (global greedy) under 4.0 GiB
# format: <layer>: <expert_id>,...  (per-layer top-K, freq 降序)
0: 62,124,192,238,13,174,79,199,112,20,43,161,211,28,95,175,222,11,72,191,76,81,93,151,166,200,220,14,30,35,78,92,96,101,115,135,140,173,188,197,208,210,223,226,235,240,247,254,16,66,70,106,123,204,206,231,241,44,48,50,51,69,94,116,120,136,139,144,155,159,167,179,181,205,214,234,2,27,47,58,97,105,107,111,113,128,134,141,142,147,148,150,158,172,177,186,9,22,24,38,41,54,65,68,80,82,88,91,108,109,129,132,133,145,168,169,170,193,194,198,209,217,221,228,236,249,251,253,5,7,8,19,25,29,32,34,36,40,49,56,63,75,77,83,84,85,86,87,99,104,117,149,153,157,162,163,164,171,184,185,187,190,196,212,215,216,218,229,232,239,252
1: 14,155,11,182,49,123,245,253,33,61,146,153,16,47,76,118,164,195,204,75,234,250,80,162,197,46,83,97,112,128,139,141,5,59,87,147,174,224,1,26,51,62,127,132,167,172,211,216,217,233,3,23,64,98,114,140,152,169,236,251,0,10,19,40,45,48,57,93,107,129,143,171,188,191,209,22,27,28,34,60,94,100,103,122,131,134,137,177,181,199,222,243,244,254,2,25,35,58,66,71,77,85,86,96,101,124,133,156,163,170,189,192,214,223,226,231,239,20,32,44,68,70,73,81,88,95,105,111,151,157,166,168,173,183,198,201,202,205,219,225,228,238,242,246,249,252
2: 158,217,216,20,106,38,49,153,193,11,252,120,128,141,150,164,181,60,90,175,188,207,253,3,40,187,247,2,42,43,92,121,157,200,210,211,52,109,37,145,149,167,170,228,249,28,31,53,79,82,84,111,146,172,29,41,56,59,72,76,87,88,103,108,215,223,10,16,25,34,35,39,45,62,65,100,123,135,139,140,162,179,218,233,251,255,1,17,19,22,30,75,77,80,83,86,89,98,126,130,133,137,143,165,173,186,198,208,221,238,254,0,15,23,44,48,54,55,57,58,61,64,68,71,74,81,85,93,94,95,97,102,107,110,117,118,122,129,142,144,178,182,194,196,205,212,219,227,229,230,232,245,250
3: 54,199,25,23,117,225,119,251,11,36,37,154,243,159,197,226,163,211,230,236,150,188,26,87,228,233,46,56,118,200,244,12,146,166,214,217,170,202,219,235,19,28,108,130,177,216,221,249,22,41,89,106,142,155,173,187,192,196,255,8,16,48,67,77,84,86,97,133,143,148,167,190,191,252,2,18,27,29,30,31,39,59,70,79,85,92,98,103,105,112,135,153,160,162,183,206,207,210,222,231,232,246,3,6,10,15,21,38,45,53,75,78,113,129,152,157,169,189,204,213,218,229,237,238,250,253,254
4: 121,154,195,175,42,54,70,192,221,15,148,186,44,132,160,206,102,104,142,191,222,240,14,58,67,88,98,129,146,152,94,233,123,144,20,65,108,167,203,245,61,87,105,158,163,165,170,181,193,253,8,13,79,89,95,214,236,241,243,18,29,36,43,60,64,81,97,101,112,119,127,161,184,197,200,201,228,235,250,5,62,74,92,128,131,133,139,149,173,209,213,219,229,230,242,9,28,33,37,41,45,55,66,71,85,90,110,114,118,145,150,156,172,179,199,205,232,234,247,248,249
5: 210,158,164,151,77,188,43,153,110,64,81,198,115,120,250,235,98,205,0,23,65,218,90,163,136,155,252,186,2,80,122,161,165,236,25,147,191,229,21,58,61,63,71,86,103,135,145,193,194,215,32,47,88,104,106,142,144,174,177,238,15,40,49,79,127,183,214,220,224,230,251,10,11,46,56,67,83,89,114,132,139,143,154,159,160,192,202,208,6,14,22,24,27,42,44,57,70,78,85,109,117,123,129,149,172,178,182,200,222,231,234,239,255
6: 209,102,79,196,151,159,138,82,14,157,168,143,161,185,49,195,65,255,125,156,192,43,153,246,254,167,215,92,19,36,39,54,97,177,230,21,22,51,60,84,129,133,226,8,16,148,172,182,2,3,26,59,69,126,238,11,25,52,56,90,122,124,128,137,55,57,70,91,98,118,145,149,171,190,201,204,250,7,24,50,68,71,89,100,107,112,113,114,131,163,169,173,183,193,199,207,211,248
7: 132,24,199,111,76,96,81,187,35,229,36,171,246,166,147,179,182,117,142,192,32,174,185,23,184,176,191,2,108,154,193,14,29,181,223,38,64,91,140,208,44,70,128,65,75,169,203,61,78,112,116,123,145,155,168,241,4,22,27,42,47,79,101,102,125,127,137,151,167,180,195,204,216,221,234,237,243,244,252
8: 224,151,41,107,165,164,61,171,116,121,239,249,52,180,56,4,117,1,173,191,53,237,35,220,57,206,246,159,33,104,110,179,63,75,98,99,112,123,162,172,207,94,238,93,54,182,184,62,80,212,225,102,130,20,152,174,175,47,185,119,89,92,105,234,247,16,217
9: 243,166,61,207,3,197,95,44,131,47,255,32,81,2,103,198,161,203,101,8,41,191,22,29,59,98,126,94,120,195,116,132,189,200,206,134,156,164,171,9,21,180,54,113,251,154,36,39,169,178,69,73,85,90,241,135,5,27,45,201,212,226,228,104,233,106,108,239,249,253
10: 116,205,247,196,146,234,233,202,157,122,251,207,8,185,137,198,176,243,144,165,40,65,242,77,248,125,9,86,232,169,250,177,178,186,211,88,109,156,119,133,31,63,91,229,130,19,20,253,126,26,163,68,81,96,240,115,132,134,7,10,17,21,161,167,45,53,187,193,76,215,99,124
11: 134,111,141,54,107,160,97,59,14,42,3,145,174,128,194,225,85,220,239,12,202,206,15,222,218,108,146,19,20,39,181,189,71,237,136,157,36,37,18,27,167,170,60,70,89,106,133,150,47,192,201,7,137,142,153,164,78,86,214,99,130,158,64,195,233,2,44,73,81,223,224,231
12: 9,2,50,208,39,3,193,210,238,30,42,116,128,160,60,134,220,199,244,163,74,221,1,93,135,145,15,16,158,31,201,80,23,115,169,192,65,154,157,175,55,63,106,111,12,13,21,26,166,186,67,194,104,237,251,253,144,68,191,100,242,254,0,137,167,47,62,71,84,85,212,99
13: 174,95,154,47,40,13,219,0,44,134,126,182,194,66,98,202,151,3,165,19,149,28,250,20,89,228,137,138,15,29,32,37,43,112,33,199,74,203,101,251,7,147,166,113,6,171,176,178,23,183,185,208,210,211,243,127,141,142,148,50,200,93,99,103,21,164,61,198,78,230,125
14: 189,44,52,67,84,58,138,73,137,201,51,155,167,106,125,64,194,115,22,252,103,17,86,96,131,28,88,160,32,224,147,229,247,161,105,148,175,71,93,6,12,47,66,159,171,50,183,61,77,166,38,177,179,57,211,230,124,249
15: 206,249,145,55,3,148,162,217,165,242,12,68,233,134,213,181,220,94,6,58,238,28,166,229,18,243,146,80,106,4,248,62,155,49,197,87,110,153,33,36,172,45,185,81,121,250,142,46,177,54,83,88,225,235,241,129,132,150,35,41,189,191,65,200,203,204,82,108,240,244,117
16: 165,51,170,195,134,4,56,130,234,67,252,59,230,152,72,82,150,173,28,74,205,24,53,190,102,243,26,174,198,239,197,229,0,156,46,60,80,5,169,43,203,96,231,168,245,151,32,163,185,129,138,14,35,178,61,189,196,69,75,88,92,126,136,10,149,33,47,181,191,215,93,233,116
17: 8,204,35,115,64,60,4,151,158,242,124,69,244,87,135,66,19,21,248,241,15,152,89,142,198,250,5,20,170,177,220,0,149,166,226,144,164,213,110,126,169,54,229,236,108,17,208,96,225,119,9,22,26,37,167,171,57,199,76,78,211,86,94,127,150,25,172,62,214,218,238,117
18: 117,192,143,13,118,226,191,233,116,126,197,77,209,212,250,171,155,134,45,52,66,203,43,130,177,141,32,217,108,170,199,128,148,163,205,220,98,57,201,131,179,64,204,213,93,10,17,91,127,2,6,150,195,69,94,124,151,55,187,61,198,75,100,112,115
19: 137,67,59,124,75,4,48,157,35,135,195,190,36,109,20,229,30,51,60,99,117,201,228,247,226,248,56,26,212,116,14,85,121,167,173,70,129,130,12,43,54,120,249,252,144,44,83,239,3,162,41,207,219,221,95,37,77,205,82,19,27,47,191,199,72,204,211,233,240,114
20: 224,41,151,53,107,237,249,1,238,246,56,165,121,239,171,116,191,172,80,4,140,175,179,159,33,117,217,90,99,47,192,220,221,23,162,35,42,61,223,234,247,137,17,164,174,204,207,83,212,112,135,8,11,173,52,180,184,92,225,105,235,108,127
21: 243,166,207,95,61,131,197,32,47,251,44,2,106,187,120,201,191,227,203,127,255,21,22,155,164,194,116,126,5,151,29,161,209,101,233,239,113,132,156,42,45,198,73,111,122,169,249,39,171,180,54,60,63,195,69,206,210,94,248,232,241,1,18,27,170,178,55,184,103,108,240
22: 116,122,205,247,146,234,233,202,194,165,157,160,137,198,207,63,65,109,77,242,243,251,125,8,20,40,176,185,86,236,7,150,53,187,196,246,248,9,169,119,219,26,36,167,88,229,249,130,133,5,19,48,223,235,126,144,161,163,50,91,253,95,17,44,192,68,82,211,215,120,92,232,250
23: 134,111,107,14,141,146,59,80,54,128,231,206,3,37,70,220,239,162,181,160,174,225,56,194,222,20,39,108,136,157,85,218,36,145,189,10,106,158,170,223,228,2,19,95,140,150,204,9,16,17,18,27,51,101,142,153,164,167,201,15,24,45,64,86,87,89,99,130,135,186,197,214,237,49,61,71,78,96,118,154,193,217,238,248,254
24: 9,50,2,244,210,1,39,145,42,166,238,100,192,251,220,12,15,163,30,74,93,55,80,167,193,221,11,115,158,16,128,154,20,254,43,67,235,242,253,26,58,147,199,208,63,116,3,31,47,60,85,106,137,151,175,216,0,13,44,54,68,70,103,104,144,160,22,24,76,99,124,125,148,178,186,191,195,207,237
25: 174,0,13,95,208,7,101,134,78,154,47,64,203,137,228,32,40,165,219,20,138,182,19,210,6,28,155,89,98,127,147,178,211,33,114,132,185,206,37,66,112,130,142,202,43,61,71,149,151,194,212,24,29,44,200,221,230,243,255,3,15,35,118,126,171,234,110,113,140,148,175,192,199,204,209,242,250
26: 189,52,137,58,84,138,67,252,155,78,86,167,106,73,88,229,196,64,12,160,17,171,51,103,194,147,201,113,28,118,136,148,149,71,131,146,22,153,26,159,32,166,66,72,76,211,96,144,20,47,50,183,193,197,124,2,161,41,45,176,180,57,60,97
27: 206,55,233,162,165,181,249,242,12,58,85,146,28,35,217,18,80,54,110,3,121,177,70,130,145,166,29,150,75,87,134,153,188,240,250,71,172,46,82,94,101,112,200,6,27,68,183,229,72,117,155,185,213,225,239,248,10,23,31,33,48,65,66,79,81,100,106,203,241,26,53,62,83,108,127,189,238
28: 165,130,170,152,59,56,234,134,26,243,72,51,74,229,43,150,173,53,75,250,252,24,82,0,102,163,193,205,80,212,67,230,151,156,54,190,219,116,4,198,133,168,197,93,111,5,14,176,105,238,10,169,88,96,231,129,146,20,28,166,47,185,61,107,138,149,161,57,73,224,255
29: 60,204,242,69,152,20,19,158,151,4,142,87,248,64,241,150,30,124,21,115,9,66,28,35,94,5,166,0,88,126,170,250,15,62,119,57,200,236,89,22,164,76,211,230,102,171,54,201,220,96,225,110,17,172,177,75,213,99,243,125,8,141,16,153,26,149,37,167,214,218,247,112
30: 117,192,118,143,226,13,52,155,116,197,66,209,134,151,43,212,126,250,203,163,170,63,148,32,177,135,161,191,122,128,141,162,179,94,130,64,106,115,45,195,6,55,59,69,71,85,232,18,38,174,181,187,199,201,88,219,221,105,112,131,16,17,156,39,171,204,213,220,97,233,240,244
31: 137,67,229,157,75,124,35,83,30,201,212,247,20,36,226,14,228,109,162,70,99,121,12,167,51,60,154,233,26,191,116,4,135,153,166,47,249,120,144,49,207,96,248,240,130,151,37,55,59,205,77,146,41,48,195,239,241,252,3,33,34,42,72,95,243,139,143,15,43,194,214,219,234,108,237
32: 59,178,151,14,101,19,150,206,123,146,192,158,194,90,112,76,173,179,223,254,85,109,162,252,12,119,235,33,117,120,77,140,53,57,6,60,89,92,98,99,159,238,50,95,113,134,195,202,247,2,26,27,47,58,78,80,125,143,157,160,181,237,245,15,17,28,31,38,74,104,116,127,132,175,185,186,197,199,224,250,3,7,18,35,52,68,75,144,170,184,210,212,248
33: 81,203,74,127,56,181,16,49,108,139,72,75,9,40,41,47,91,136,220,39,95,189,250,129,162,190,198,68,83,5,32,93,167,192,126,164,241,11,43,84,92,94,102,229,33,73,97,104,184,206,231,234,23,37,52,103,151,161,176,177,232,6,86,133,156,179,180,183,210,214,12,18,27,54,58,90,105,107,166,182,201,207,217,236,238
34: 247,141,21,143,18,1,195,181,85,169,191,19,63,116,72,73,82,105,11,26,48,109,166,240,44,97,15,161,186,249,51,177,182,185,16,164,231,37,54,5,34,133,187,204,213,220,252,9,92,96,98,108,212,238,251,87,94,101,107,130,152,207,255,46,49,67,69,86,88,128,180,222,8,62,80,113,176,189,217,226,246
35: 167,202,14,253,97,135,244,251,76,186,84,31,185,79,10,22,42,174,224,24,43,72,160,74,212,112,44,57,214,114,148,46,58,191,203,86,136,190,206,128,61,89,101,104,7,34,176,53,64,218,229,254,180,66,210,8,145,27,38,39,49,183,194,196,77,95,225,231,233,106,232,117
36: 158,118,129,203,75,241,44,70,26,73,83,45,221,82,98,125,155,165,79,239,248,34,110,134,48,181,227,20,115,142,226,68,201,0,37,39,103,207,214,228,245,253,8,49,50,106,120,138,186,198,234,21,24,92,126,199,222,2,14,17,28,55,59,94,119,149,194,246,5,19,22,61,80,152,176,192,255
37: 64,103,35,21,58,75,89,145,162,147,72,48,57,126,182,104,113,219,23,78,93,105,175,196,153,14,88,143,156,163,27,55,165,244,16,39,100,138,190,214,229,28,65,66,22,61,62,67,69,80,82,109,110,164,205,206,208,24,31,34,50,135,169,209,2,4,19,32,56,92,96,124,144,161,176,181,194,204,212,227,242
38: 94,127,79,209,254,34,59,92,128,120,239,52,205,84,119,242,148,151,27,104,132,22,87,103,252,71,193,0,47,80,88,117,136,173,243,12,43,135,159,177,180,204,215,35,97,118,169,249,8,63,86,91,147,175,185,191,248,9,30,64,95,101,131,141,146,166,176,233,234,238,18,42,93,111,125,150,182,189,195,196,202,212,245,251
39: 78,77,189,116,44,99,173,242,30,130,22,2,38,70,160,235,16,62,69,122,243,34,73,129,219,238,10,106,110,162,203,213,222,12,145,146,223,224,158,190,67,179,228,244,253,45,63,75,85,89,107,167,197,201,239,11,13,127,165,174,183,217,237,23,35,40,42,92,105,108,112,120,139,141,154,163,164,171,186,241,248,250,9,19,21,37,46,60,68,72,83,95,98,101,117,128,133,142,175,177,188,206,209,218,225,227,229,231,251
