0 130
130 149
279 126
405 141
546 141
687 148
835 133
968 138
1106 135
1241 129
1370 135
1505 129
1634 144
1778 130
1908 132
2040 132
2172 127
2299 130
2429 133
2562 140
2702 141
2843 149
2992 137
3129 141
3270 133
3403 144
3547 130
3677 138
3815 127
3942 143
4085 146
4231 132
4363 132
4495 135
4630 138
4768 127
4895 129
5024 140
5164 138
5302 130
5432 133
5565 148
5713 130
5843 140
5983 126
6109 149
6258 140
6398 148
6546 140
6686 126
6812 137
6949 140
7089 146
7235 146
7381 149
7530 146
7676 143
7819 126
7945 135
8080 127
8207 144
8351 143
8494 149
8643 141
8784 126
8910 127
9037 141
9178 146
9324 141
9465 135
9600 143
9743 141
9884 129
10013 138
10151 143
10294 132
10426 132
10558 146
10704 126
10830 146
10976 135
11111 127
11238 149
11387 144
11531 130
11661 133
11794 137
11931 130
12061 141
12202 132
12334 148
12482 126
12608 140
12748 137
12885 144
13029 140
13169 133
13302 141
13443 132
13575 130
13705 129
13834 132
13966 132
14098 148
14246 143
14389 133
14522 141
14663 132
14795 127
14922 126
15048 144
15192 146
15338 138
15476 149
15625 127
15752 132
15884 135
16019 148
16167 137
16304 129
16433 146
16579 137
16716 143
16859 129
16988 127
17115 135
17250 127
17377 148
17525 132
17657 146
17803 143
17946 126
18072 126
18198 137
18335 149
18484 127
18611 137
18748 138
18886 146
19032 137
19169 148
19317 143
19460 137
19597 127
19724 140
19864 135
19999 149
20148 137
20285 129
20414 141
20555 148
20703 143
20846 140
20986 144
21130 129
21259 137
21396 148
21544 137
21681 137
21818 143
21961 141
22102 148
22250 127
22377 148
22525 126
22651 140
22791 129
22920 137
23057 146
23203 126
23329 141
23470 135
23605 135
23740 126
23866 144
24010 127
24137 148
24285 126
24411 126
24537 146
24683 140
24823 141
24964 135
25099 143
25242 140
25382 130
25512 149
25661 129
25790 126
25916 144
26060 144
26204 141
26345 137
26482 140
26622 146
26768 140
26908 148
27056 146
27202 135
27337 135
27472 138
27610 137
27747 127
27874 135
28009 149
28158 144
28302 141
28443 132
28575 148
28723 135
28858 149
29007 132
29139 137
29276 130
29406 149
29555 126
29681 132
29813 138
29951 141
30092 138
30230 141
30371 126
30497 140
30637 133
30770 141
30911 149
31060 129
31189 135
31324 148
31472 143
31615 135
31750 148
31898 144
32042 149
32191 148
32339 135
32474 140
32614 141
32755 132
32887 129
33016 130
33146 132
33278 126
33404 126
33530 137
33667 148
33815 138
33953 130
34083 143
34226 148
34374 140
34514 130
34644 141
34785 130
34915 143
35058 148
35206 126
35332 141
35473 127
35600 135
35735 143
35878 126
36004 137
36141 138
36279 146
36425 133
36558 137
36695 149
36844 146
36990 132
37122 127
37249 149
37398 130
37528 129
37657 148
37805 137
37942 126
38068 135
38203 130
38333 130
38463 130
38593 135
38728 137
38865 135
39000 132
39132 133
39265 135
39400 146
39546 129
39675 137
39812 126
39938 127
40065 146
40211 127
40338 146
40484 129
40613 146
40759 137
40896 127
41023 127
41150 149
41299 148
41447 148
41595 130
41725 130
41855 143
41998 149
42147 127
42274 127
42401 138
42539 140
42679 138
42817 143
42960 141
43101 143
43244 130
43374 135
43509 132
43641 135
43776 143
43919 137
44056 141
44197 126
44323 130
44453 141
44594 132
44726 138
44864 129
44993 149
45142 144
45286 146
45432 132
45564 130
45694 126
45820 135
45955 135
46090 141
46231 126
46357 137
46494 133
46627 143
46770 144
46914 146
47060 146
47206 149
47355 133
47488 129
47617 127
47744 146
47890 130
48020 129
48149 140
48289 129
48418 126
48544 143
48687 137
48824 141
48965 126
49091 133
49224 138
49362 143
49505 129
49634 149
49783 138
49921 144
50065 148
50213 133
50346 149
50495 138
50633 141
50774 137
50911 148
51059 141
51200 138
51338 143
51481 141
51622 144
51766 126
51892 126
52018 141
52159 127
52286 135
52421 133
52554 130
52684 143
52827 126
52953 149
53102 137
53239 138
53377 143
53520 140
53660 140
53800 132
53932 144
54076 148
54224 133
54357 138
54495 137
54632 126
54758 149
54907 149
55056 126
55182 129
55311 132
55443 127
55570 127
55697 135
55832 141
55973 126
56099 133
56232 143
56375 138
56513 144
56657 133
56790 132
56922 140
57062 132
57194 143
57337 129
57466 143
57609 127
57736 141
57877 148
58025 149
58174 146
58320 141
58461 148
58609 129
58738 138
58876 132
59008 133
59141 144
59285 132
59417 141
59558 129
59687 132
59819 143
59962 141
60103 138
60241 133
60374 129
60503 138
60641 143
60784 137
60921 144
61065 140
61205 137
61342 144
61486 143
61629 127
61756 133
61889 140
62029 140
62169 148
62317 130
62447 138
62585 146
62731 146
62877 140
63017 135
63152 149
63301 144
63445 127
63572 141
63713 127
63840 133
63973 148
64121 130
64251 149
64400 130
64530 132
64662 126
64788 149
64937 132
65069 127
65196 126
65322 140
65462 137
65599 140
65739 149
65888 138
66026 129
66155 129
66284 133
66417 126
66543 148
66691 141
66832 129
66961 127
67088 140
67228 126
67354 148
67502 135
67637 132
67769 132
67901 144
68045 149
68194 140
68334 127
68461 127
68588 135
68723 135
68858 133
68991 133
69124 133
69257 135
69392 129
69521 126
69647 143
69790 138
69928 140
70068 133
70201 135
70336 127
70463 138
70601 143
70744 129
70873 148
71021 127
71148 133
71281 144
71425 133
71558 143
71701 132
71833 129
71962 130
72092 143
72235 129
72364 135
72499 133
72632 138
72770 126
72896 148
73044 149
73193 146
73339 130
73469 126
73595 126
73721 149
73870 143
74013 129
74142 133
74275 148
74423 143
74566 130
74696 149
74845 137
74982 143
75125 127
75252 144
75396 148
75544 141
75685 127
75812 137
75949 137
76086 130
76216 135
76351 141
76492 132
76624 137
76761 144
76905 149
77054 148
77202 137
77339 143
77482 144
77626 133
77759 135
77894 127
78021 133
78154 138
78292 149
78441 132
78573 135
78708 143
78851 132
78983 140
79123 138
79261 148
79409 127
79536 127
79663 133
79796 149
79945 143
80088 135
80223 140
80363 133
80496 138
80634 146
80780 149
80929 143
81072 126
81198 130
81328 146
81474 146
81620 132
81752 146
81898 138
82036 132
82168 137
82305 137
82442 133
82575 144
82719 148
82867 126
82993 143
83136 141
83277 146
83423 143
83566 144
83710 143
83853 140
83993 143
84136 133
84269 140
84409 141
84550 132
84682 144
84826 140
84966 137
85103 144
85247 141
85388 137
85525 144
85669 144
85813 140
85953 135
86088 132
86220 130
86350 137
86487 138
86625 132
86757 144
86901 138
87039 148
87187 137
87324 149
87473 138
87611 127
87738 132
87870 141
88011 137
88148 149
88297 126
88423 126
88549 129
88678 132
88810 135
88945 133
89078 129
89207 138
89345 130
89475 133
89608 133
89741 127
89868 135
90003 132
90135 138
90273 126
90399 129
90528 138
90666 140
90806 140
90946 133
91079 143
91222 148
91370 132
91502 130
91632 146
91778 137
91915 135
92050 138
92188 126
92314 143
92457 149
92606 130
92736 130
92866 126
92992 127
93119 137
93256 133
93389 148
93537 146
93683 137
93820 133
93953 129
94082 135
94217 129
94346 126
94472 138
94610 148
94758 133
94891 130
95021 126
95147 140
95287 148
95435 126
95561 127
95688 129
95817 140
95957 130
96087 127
96214 130
96344 149
96493 130
96623 144
96767 138
96905 148
97053 127
97180 140
97320 133
97453 137
97590 141
97731 130
97861 126
97987 140
98127 140
98267 148
98415 133
98548 143
98691 146
98837 135
98972 143
99115 143
99258 129
99387 135
99522 140
99662 146
99808 141
99949 141
100090 149
100239 126
100365 138
100503 144
100647 132
100779 140
